110	974	2.40	0.48
115	974	2.40	0.48
120     974     2.40	0.48
125	974	2.40	0.48
130     974     2.40	0.48
135	974	2.40	0.48
140     974     2.40	0.48
145	974	2.40	0.48
150     974     2.40	0.48
155	974	2.40	0.48
160     974     2.40	0.48
170     974     2.40    0.48
180     974     2.40    0.48
190     974     2.40    0.48
200     974     2.40    0.48
250     974     2.40    0.48
300	799	2.50	0.50
350	799	2.50	0.50
400	799	2.50	0.50    
450	799	2.50	0.50
500	799	2.50	0.50    
550	799	2.50	0.50
600	799	2.50	0.50    
