110   11   0.117189   0.0670673
115   11   0.117189   0.0670673
120   15   0.128747   0.0538909
125   17   0.16025   0.0700709
130   17   0.151545   0.0720581
135   19   0.152398   0.0724729
140   21   0.150508   0.068588
145   25   0.146083   0.0614863
150   26   0.0784579   0.079645
155   29   0.0777581   0.0789602
160   31   0.0746411   0.0743246
170   34   0.0726812   0.0695944
180   39   0.0733334   0.0702505
190   40   0.0882086   0.0409747
200   40   0.0732642   0.0701842
250   43   0.102171   0.0589169
300   43   0.062891   0.0402477
350   43   0.067741   0.0359312
400   43   0.0728774   0.0335017
450   43   0.0436357   0.0271375
500   43   0.0436237   0.02713
550   43   0.029014   0.024735
600   43   0.0291933   0.0249722
