110        36    0.950065    0.178331
115        36    0.950065    0.178331
120        36    0.950065    0.178331
125        36    0.950065    0.178331
130        36    0.950065    0.178331
135        36    0.950065    0.178331
140        36    0.950065    0.178331
145        36    0.950065    0.178331
150        36    0.950065    0.178331
155        36    0.950065    0.178331
160        36    0.950065    0.178331
170        36    0.950065    0.178331
180        36    0.950065    0.178331
190        36    0.950065    0.178331
200        36    0.950065    0.178331
250        36    0.950065    0.178331
300        36    0.950065    0.178331
350        36    0.950065    0.178331
400        36    0.950065    0.178331
450        36    0.950065    0.178331
500        36    0.950065    0.178331
550        36    0.950065    0.178331
600        36    0.950065    0.178331