110        24    0.743094    0.133464
115        24    0.743094    0.133464
120        24    0.743094    0.133464
125        24    0.743094    0.133464
130        24    0.743094    0.133464
135        24    0.743094    0.133464
140        24    0.743094    0.133464
145        24    0.743094    0.133464
150        24    0.743094    0.133464
155        24    0.743094    0.133464
160        24    0.743094    0.133464
170        24    0.743094    0.133464
180        24    0.743094    0.133464
190        24    0.743094    0.133464
200        24    0.743094    0.133464
250        24    0.743094    0.133464
300        24    0.743094    0.133464
350        24    0.743094    0.133464
400        24    0.743094    0.133464
450        24    0.743094    0.133464
500        24    0.743094    0.133464
550        24    0.743094    0.133464
600        24    0.743094    0.133464