110   26   0.156798   0.0848904
115   26   0.156798   0.0848904
120   35   0.152993   0.0938704
125   37   0.156854   0.0742359
130   38   0.156928   0.0742709
135   40   0.139634   0.0463892
140   42   0.125607   0.0442061
145   45   0.120701   0.0361306
150   48   0.049785   0.073531
155   54   0.0494616   0.0730533
160   55   0.0420465   0.0588672
170   59   0.0361712   0.0473065
180   63   0.0362387   0.0241393
190   65   0.0483229   0.0460271
200   68   0.0484175   0.0461172
250   70   0.0479746   0.0456848
300   72   0.015387   0.0149369
350   73   0.0197478   0.0179908
400   73   0.0240462   0.0243158
450   73   0.0240423   0.012616
500   73   0.0180269   0.0178183
550   73   0.0120178   0.00850428
600   73   0.012016   0.008503