110   1   0.0293207   0.0302417
115   1   0.0293207   0.0302417
120   2   0.028469   0.0293601
125   2   0.0276107   0.0284722
130   3   0.0276795   0.0285431
135   3   0.0268794   0.0277153
140   3   0.0254414   0.0262283
145   3   0.0244874   0.0255237
150   6   0.0245023   0.0255951
155   6   0.0244925   0.0255849
160   6   0.0254838   0.0255363
170   6   0.0237297   0.0237786
180   7   0.0240096   0.0240591
190   7   0.0239939   0.0240433
200   7   0.0239939   0.0240433
250   9   0.0236048   0.024334
300   9   0.0237   0.0243041
350   9   0.0238891   0.0242876
400   9   0.0238015   0.0242759
450   9   0.0242278   0.0242777
500   9   0.0242278   0.0242777
550   9   0.0242278   0.0242777
600   9   0.0242278   0.0242777