110   5   0.0525519   0.062223
115   5   0.0525519   0.062223
120   8   0.0486711   0.0531537
125   8   0.0729789   0.104919
130   8   0.0729778   0.104919
135   9   0.0729338   0.104856
140   9   0.0729338   0.104856
145   10   0.0948296   0.0944768
150   12   0.0474424   0.0337221
155   12   0.0474268   0.033711
160   13   0.0237191   0.0237627
170   13   0.0225837   0.0226253
180   13   0.0451388   0.0502837
190   15   0.0908595   0.0905751
200   15   0.0908214   0.0905371
250   15   0.0675869   0.0425405
300   15   0.0448416   0.0505356
350   15   0.0448317   0.0505244
400   15   0.0222104   0.0226371
450   15   0.0225884   0.02263
500   15   0.0225832   0.0226248
550   15   0.0225758   0.0226173
600   15   0.022571   0.0226125