110        9    0.851654    0.202247
115        9    0.851654    0.202247
120        9    0.851654    0.202247
125        9    0.851654    0.202247
130        9    0.851654    0.202247
135        9    0.851654    0.202247
140        9    0.851654    0.202247
145        9    0.851654    0.202247
150        9    0.851654    0.202247
155        9    0.851654    0.202247
160        9    0.851654    0.202247
170        9    0.851654    0.202247
180        9    0.851654    0.202247
190        9    0.851654    0.202247
200        9    0.851654    0.202247
250        9    0.851654    0.202247
300        9    0.851654    0.202247
350        9    0.851654    0.202247
400        9    0.851654    0.202247
450        9    0.851654    0.202247
500        9    0.851654    0.202247
550        9    0.851654    0.202247
600        9    0.851654    0.202247