110        3    1.24237    0.38205
115        3    1.24237    0.38205
120        3    1.24237    0.38205
125        3    1.24237    0.38205
130        3    1.24237    0.38205
135        3    1.24237    0.38205
140        3    1.24237    0.38205
145        3    1.24237    0.38205
150        3    1.24237    0.38205
155        3    1.24237    0.38205
160        3    1.24237    0.38205
170        3    1.24237    0.38205
180        3    1.24237    0.38205
190        3    1.24237    0.38205
200        3    1.24237    0.38205
250        3    1.24237    0.38205
300        3    1.24237    0.38205
350        3    1.24237    0.38205
400        3    1.24237    0.38205
450        3    1.24237    0.38205
500        3    1.24237    0.38205
550        3    1.24237    0.38205
600        3    1.24237    0.38205